.NAME Jun Zhu
.INST University of Science and Technology of China	
.MAIL 101 Fast Lane, Middletown, KS  89432
.EMAIL Jun__Zhu@outlook.com
.PHONE 555 555-1212
.FAX   555 555-1213
.MEDIA DVD
.ALTERNATE MEDIA 1/2" tape - 6250
.ALTERNATE MEDIA EXABYTE
.LABEL	Jun Zhu's first request 
.QUALITY B
.END
AAK II 2021 03 13 01 38 33.000 2021 03 13 01 39 38.000 1 BH1 00
AAK II 2021 03 13 01 38 33.000 2021 03 13 01 39 38.000 1 BH2 00
AAK II 2021 03 13 01 38 33.000 2021 03 13 01 39 38.000 1 BHZ 00
AAK II 2021 03 13 01 38 33.000 2021 03 13 01 39 38.000 1 BH1 10
AAK II 2021 03 13 01 38 33.000 2021 03 13 01 39 38.000 1 BH2 10
AAK II 2021 03 13 01 38 33.000 2021 03 13 01 39 38.000 1 BHZ 10
ABPO II 2021 03 13 01 38 33.000 2021 03 13 01 39 38.000 1 BH1 00
ABPO II 2021 03 13 01 38 33.000 2021 03 13 01 39 38.000 1 BH2 00
ABPO II 2021 03 13 01 38 33.000 2021 03 13 01 39 38.000 1 BHZ 00
ABPO II 2021 03 13 01 38 33.000 2021 03 13 01 39 38.000 1 BH1 10
ABPO II 2021 03 13 01 38 33.000 2021 03 13 01 39 38.000 1 BH2 10
ABPO II 2021 03 13 01 38 33.000 2021 03 13 01 39 38.000 1 BHZ 10
ALE II 2021 03 13 01 38 33.000 2021 03 13 01 39 38.000 1 BHZ 00
ARTI II 2021 03 13 01 38 33.000 2021 03 13 01 39 38.000 1 BH1 00
ARTI II 2021 03 13 01 38 33.000 2021 03 13 01 39 38.000 1 BH2 00
ARTI II 2021 03 13 01 38 33.000 2021 03 13 01 39 38.000 1 BHZ 00
ASCN II 2021 03 13 01 38 33.000 2021 03 13 01 39 38.000 1 BH1 10
ASCN II 2021 03 13 01 38 33.000 2021 03 13 01 39 38.000 1 BH2 10
ASCN II 2021 03 13 01 38 33.000 2021 03 13 01 39 38.000 1 BHZ 10
BFO II 2021 03 13 01 38 33.000 2021 03 13 01 39 38.000 1 BHE 00
BFO II 2021 03 13 01 38 33.000 2021 03 13 01 39 38.000 1 BHN 00
BFO II 2021 03 13 01 38 33.000 2021 03 13 01 39 38.000 1 BHZ 00
BORG II 2021 03 13 01 38 33.000 2021 03 13 01 39 38.000 1 BH1 00
BORG II 2021 03 13 01 38 33.000 2021 03 13 01 39 38.000 1 BH2 00
BORG II 2021 03 13 01 38 33.000 2021 03 13 01 39 38.000 1 BHZ 00
BORG II 2021 03 13 01 38 33.000 2021 03 13 01 39 38.000 1 BH1 10
BORG II 2021 03 13 01 38 33.000 2021 03 13 01 39 38.000 1 BH2 10
BORG II 2021 03 13 01 38 33.000 2021 03 13 01 39 38.000 1 BHZ 10
BORK II 2021 03 13 01 38 33.000 2021 03 13 01 39 38.000 1 BH1 10
BORK II 2021 03 13 01 38 33.000 2021 03 13 01 39 38.000 1 BH2 10
BORK II 2021 03 13 01 38 33.000 2021 03 13 01 39 38.000 1 BHZ 10
CMLA II 2021 03 13 01 38 33.000 2021 03 13 01 39 38.000 1 BH1 00
CMLA II 2021 03 13 01 38 33.000 2021 03 13 01 39 38.000 1 BH2 00
CMLA II 2021 03 13 01 38 33.000 2021 03 13 01 39 38.000 1 BHZ 00
CMLA II 2021 03 13 01 38 33.000 2021 03 13 01 39 38.000 1 BH1 10
CMLA II 2021 03 13 01 38 33.000 2021 03 13 01 39 38.000 1 BH2 10
CMLA II 2021 03 13 01 38 33.000 2021 03 13 01 39 38.000 1 BHZ 10
COCO II 2021 03 13 01 38 33.000 2021 03 13 01 39 38.000 1 BH1 00
COCO II 2021 03 13 01 38 33.000 2021 03 13 01 39 38.000 1 BH2 00
COCO II 2021 03 13 01 38 33.000 2021 03 13 01 39 38.000 1 BHZ 00
COCO II 2021 03 13 01 38 33.000 2021 03 13 01 39 38.000 1 BH1 10
COCO II 2021 03 13 01 38 33.000 2021 03 13 01 39 38.000 1 BH2 10
COCO II 2021 03 13 01 38 33.000 2021 03 13 01 39 38.000 1 BHZ 10
DGAR II 2021 03 13 01 38 33.000 2021 03 13 01 39 38.000 1 BH1 00
DGAR II 2021 03 13 01 38 33.000 2021 03 13 01 39 38.000 1 BH2 00
DGAR II 2021 03 13 01 38 33.000 2021 03 13 01 39 38.000 1 BHZ 00
DGAR II 2021 03 13 01 38 33.000 2021 03 13 01 39 38.000 1 BH1 10
DGAR II 2021 03 13 01 38 33.000 2021 03 13 01 39 38.000 1 BH2 10
DGAR II 2021 03 13 01 38 33.000 2021 03 13 01 39 38.000 1 BHZ 10
EFI II 2021 03 13 01 38 33.000 2021 03 13 01 39 38.000 1 BH1 00
EFI II 2021 03 13 01 38 33.000 2021 03 13 01 39 38.000 1 BH2 00
EFI II 2021 03 13 01 38 33.000 2021 03 13 01 39 38.000 1 BHZ 00
EFI II 2021 03 13 01 38 33.000 2021 03 13 01 39 38.000 1 BH1 10
EFI II 2021 03 13 01 38 33.000 2021 03 13 01 39 38.000 1 BH2 10
EFI II 2021 03 13 01 38 33.000 2021 03 13 01 39 38.000 1 BHZ 10
ESK II 2021 03 13 01 38 33.000 2021 03 13 01 39 38.000 1 BH1 00
ESK II 2021 03 13 01 38 33.000 2021 03 13 01 39 38.000 1 BH2 00
ESK II 2021 03 13 01 38 33.000 2021 03 13 01 39 38.000 1 BHZ 00
ESK II 2021 03 13 01 38 33.000 2021 03 13 01 39 38.000 1 BH1 10
ESK II 2021 03 13 01 38 33.000 2021 03 13 01 39 38.000 1 BH2 10
ESK II 2021 03 13 01 38 33.000 2021 03 13 01 39 38.000 1 BHZ 10
FFC II 2021 03 13 01 38 33.000 2021 03 13 01 39 38.000 1 BH1 00
FFC II 2021 03 13 01 38 33.000 2021 03 13 01 39 38.000 1 BH2 00
FFC II 2021 03 13 01 38 33.000 2021 03 13 01 39 38.000 1 BHZ 00
FFC II 2021 03 13 01 38 33.000 2021 03 13 01 39 38.000 1 BH1 10
FFC II 2021 03 13 01 38 33.000 2021 03 13 01 39 38.000 1 BH2 10
FFC II 2021 03 13 01 38 33.000 2021 03 13 01 39 38.000 1 BHZ 10
JTS II 2021 03 13 01 38 33.000 2021 03 13 01 39 38.000 1 BH1 00
JTS II 2021 03 13 01 38 33.000 2021 03 13 01 39 38.000 1 BH2 00
JTS II 2021 03 13 01 38 33.000 2021 03 13 01 39 38.000 1 BHZ 00
JTS II 2021 03 13 01 38 33.000 2021 03 13 01 39 38.000 1 BH1 10
JTS II 2021 03 13 01 38 33.000 2021 03 13 01 39 38.000 1 BH2 10
JTS II 2021 03 13 01 38 33.000 2021 03 13 01 39 38.000 1 BHZ 10
KAPI II 2021 03 13 01 38 33.000 2021 03 13 01 39 38.000 1 BH1 00
KAPI II 2021 03 13 01 38 33.000 2021 03 13 01 39 38.000 1 BH2 00
KAPI II 2021 03 13 01 38 33.000 2021 03 13 01 39 38.000 1 BHZ 00
KAPI II 2021 03 13 01 38 33.000 2021 03 13 01 39 38.000 1 BH1 10
KAPI II 2021 03 13 01 38 33.000 2021 03 13 01 39 38.000 1 BH2 10
KAPI II 2021 03 13 01 38 33.000 2021 03 13 01 39 38.000 1 BHZ 10
KDAK II 2021 03 13 01 38 33.000 2021 03 13 01 39 38.000 1 BH1 00
KDAK II 2021 03 13 01 38 33.000 2021 03 13 01 39 38.000 1 BH2 00
KDAK II 2021 03 13 01 38 33.000 2021 03 13 01 39 38.000 1 BHZ 00
KDAK II 2021 03 13 01 38 33.000 2021 03 13 01 39 38.000 1 BH1 10
KDAK II 2021 03 13 01 38 33.000 2021 03 13 01 39 38.000 1 BH2 10
KDAK II 2021 03 13 01 38 33.000 2021 03 13 01 39 38.000 1 BHZ 10
KIV II 2021 03 13 01 38 33.000 2021 03 13 01 39 38.000 1 BH1 00
KIV II 2021 03 13 01 38 33.000 2021 03 13 01 39 38.000 1 BH2 00
KIV II 2021 03 13 01 38 33.000 2021 03 13 01 39 38.000 1 BHZ 00
KURK II 2021 03 13 01 38 33.000 2021 03 13 01 39 38.000 1 BH1 00
KURK II 2021 03 13 01 38 33.000 2021 03 13 01 39 38.000 1 BH2 00
KURK II 2021 03 13 01 38 33.000 2021 03 13 01 39 38.000 1 BHZ 00
KURK II 2021 03 13 01 38 33.000 2021 03 13 01 39 38.000 1 BH1 10
KURK II 2021 03 13 01 38 33.000 2021 03 13 01 39 38.000 1 BH2 10
KURK II 2021 03 13 01 38 33.000 2021 03 13 01 39 38.000 1 BHZ 10
KWJN II 2021 03 13 01 38 33.000 2021 03 13 01 39 38.000 1 BH1 00
KWJN II 2021 03 13 01 38 33.000 2021 03 13 01 39 38.000 1 BH2 00
KWJN II 2021 03 13 01 38 33.000 2021 03 13 01 39 38.000 1 BHZ 00
KWJN II 2021 03 13 01 38 33.000 2021 03 13 01 39 38.000 1 BH1 10
KWJN II 2021 03 13 01 38 33.000 2021 03 13 01 39 38.000 1 BH2 10
KWJN II 2021 03 13 01 38 33.000 2021 03 13 01 39 38.000 1 BHZ 10
LVZ II 2021 03 13 01 38 33.000 2021 03 13 01 39 38.000 1 BH1 00
LVZ II 2021 03 13 01 38 33.000 2021 03 13 01 39 38.000 1 BH2 00
LVZ II 2021 03 13 01 38 33.000 2021 03 13 01 39 38.000 1 BHZ 00
MBAR II 2021 03 13 01 38 33.000 2021 03 13 01 39 38.000 1 BH1 00
MBAR II 2021 03 13 01 38 33.000 2021 03 13 01 39 38.000 1 BH2 00
MBAR II 2021 03 13 01 38 33.000 2021 03 13 01 39 38.000 1 BHZ 00
MBAR II 2021 03 13 01 38 33.000 2021 03 13 01 39 38.000 1 BH1 10
MBAR II 2021 03 13 01 38 33.000 2021 03 13 01 39 38.000 1 BH2 10
MBAR II 2021 03 13 01 38 33.000 2021 03 13 01 39 38.000 1 BHZ 10
MSEY II 2021 03 13 01 38 33.000 2021 03 13 01 39 38.000 1 BH1 00
MSEY II 2021 03 13 01 38 33.000 2021 03 13 01 39 38.000 1 BH2 00
MSEY II 2021 03 13 01 38 33.000 2021 03 13 01 39 38.000 1 BHZ 00
MSEY II 2021 03 13 01 38 33.000 2021 03 13 01 39 38.000 1 BH1 10
MSEY II 2021 03 13 01 38 33.000 2021 03 13 01 39 38.000 1 BH2 10
MSEY II 2021 03 13 01 38 33.000 2021 03 13 01 39 38.000 1 BHZ 10
MSVF II 2021 03 13 01 38 33.000 2021 03 13 01 39 38.000 1 BH1 00
MSVF II 2021 03 13 01 38 33.000 2021 03 13 01 39 38.000 1 BH2 00
MSVF II 2021 03 13 01 38 33.000 2021 03 13 01 39 38.000 1 BHZ 00
MSVF II 2021 03 13 01 38 33.000 2021 03 13 01 39 38.000 1 BH1 10
MSVF II 2021 03 13 01 38 33.000 2021 03 13 01 39 38.000 1 BH2 10
MSVF II 2021 03 13 01 38 33.000 2021 03 13 01 39 38.000 1 BHZ 10
NIL II 2021 03 13 01 38 33.000 2021 03 13 01 39 38.000 1 BH1 00
NIL II 2021 03 13 01 38 33.000 2021 03 13 01 39 38.000 1 BH2 00
NIL II 2021 03 13 01 38 33.000 2021 03 13 01 39 38.000 1 BH1 10
NIL II 2021 03 13 01 38 33.000 2021 03 13 01 39 38.000 1 BH2 10
NIL II 2021 03 13 01 38 33.000 2021 03 13 01 39 38.000 1 BHZ 10
NNA II 2021 03 13 01 38 33.000 2021 03 13 01 39 38.000 1 BH1 00
NNA II 2021 03 13 01 38 33.000 2021 03 13 01 39 38.000 1 BH2 00
NNA II 2021 03 13 01 38 33.000 2021 03 13 01 39 38.000 1 BHZ 00
NNA II 2021 03 13 01 38 33.000 2021 03 13 01 39 38.000 1 BH1 10
NNA II 2021 03 13 01 38 33.000 2021 03 13 01 39 38.000 1 BH2 10
NNA II 2021 03 13 01 38 33.000 2021 03 13 01 39 38.000 1 BHZ 10
OBN II 2021 03 13 01 38 33.000 2021 03 13 01 39 38.000 1 BH1 00
OBN II 2021 03 13 01 38 33.000 2021 03 13 01 39 38.000 1 BH2 00
OBN II 2021 03 13 01 38 33.000 2021 03 13 01 39 38.000 1 BHZ 00
PALK II 2021 03 13 01 38 33.000 2021 03 13 01 39 38.000 1 BH1 00
PALK II 2021 03 13 01 38 33.000 2021 03 13 01 39 38.000 1 BH2 00
PALK II 2021 03 13 01 38 33.000 2021 03 13 01 39 38.000 1 BHZ 00
PALK II 2021 03 13 01 38 33.000 2021 03 13 01 39 38.000 1 BH1 10
PALK II 2021 03 13 01 38 33.000 2021 03 13 01 39 38.000 1 BH2 10
PALK II 2021 03 13 01 38 33.000 2021 03 13 01 39 38.000 1 BHZ 10
PFO II 2021 03 13 01 38 33.000 2021 03 13 01 39 38.000 1 BH1 00
PFO II 2021 03 13 01 38 33.000 2021 03 13 01 39 38.000 1 BH2 00
PFO II 2021 03 13 01 38 33.000 2021 03 13 01 39 38.000 1 BHZ 00
PFO II 2021 03 13 01 38 33.000 2021 03 13 01 39 38.000 1 BH1 10
PFO II 2021 03 13 01 38 33.000 2021 03 13 01 39 38.000 1 BH2 10
PFO II 2021 03 13 01 38 33.000 2021 03 13 01 39 38.000 1 BHZ 10
RAYN II 2021 03 13 01 38 33.000 2021 03 13 01 39 38.000 1 BH1 00
RAYN II 2021 03 13 01 38 33.000 2021 03 13 01 39 38.000 1 BH2 00
RAYN II 2021 03 13 01 38 33.000 2021 03 13 01 39 38.000 1 BHZ 00
RAYN II 2021 03 13 01 38 33.000 2021 03 13 01 39 38.000 1 BH1 10
RAYN II 2021 03 13 01 38 33.000 2021 03 13 01 39 38.000 1 BH2 10
RAYN II 2021 03 13 01 38 33.000 2021 03 13 01 39 38.000 1 BHZ 10
RPN II 2021 03 13 01 38 33.000 2021 03 13 01 39 38.000 1 BHZ 00
RPN II 2021 03 13 01 38 33.000 2021 03 13 01 39 38.000 1 BH1 10
RPN II 2021 03 13 01 38 33.000 2021 03 13 01 39 38.000 1 BH2 10
RPN II 2021 03 13 01 38 33.000 2021 03 13 01 39 38.000 1 BHZ 10
SACV II 2021 03 13 01 38 33.000 2021 03 13 01 39 38.000 1 BH1 00
SACV II 2021 03 13 01 38 33.000 2021 03 13 01 39 38.000 1 BH2 00
SACV II 2021 03 13 01 38 33.000 2021 03 13 01 39 38.000 1 BHZ 00
SACV II 2021 03 13 01 38 33.000 2021 03 13 01 39 38.000 1 BH1 10
SACV II 2021 03 13 01 38 33.000 2021 03 13 01 39 38.000 1 BH2 10
SACV II 2021 03 13 01 38 33.000 2021 03 13 01 39 38.000 1 BHZ 10
SHEL II 2021 03 13 01 38 33.000 2021 03 13 01 39 38.000 1 BH1 00
SHEL II 2021 03 13 01 38 33.000 2021 03 13 01 39 38.000 1 BH2 00
SHEL II 2021 03 13 01 38 33.000 2021 03 13 01 39 38.000 1 BHZ 00
SHEL II 2021 03 13 01 38 33.000 2021 03 13 01 39 38.000 1 BH1 10
SHEL II 2021 03 13 01 38 33.000 2021 03 13 01 39 38.000 1 BH2 10
SHEL II 2021 03 13 01 38 33.000 2021 03 13 01 39 38.000 1 BHZ 10
SUR II 2021 03 13 01 38 33.000 2021 03 13 01 39 38.000 1 BH1 00
SUR II 2021 03 13 01 38 33.000 2021 03 13 01 39 38.000 1 BH2 00
SUR II 2021 03 13 01 38 33.000 2021 03 13 01 39 38.000 1 BHZ 00
SUR II 2021 03 13 01 38 33.000 2021 03 13 01 39 38.000 1 BH1 10
SUR II 2021 03 13 01 38 33.000 2021 03 13 01 39 38.000 1 BH2 10
SUR II 2021 03 13 01 38 33.000 2021 03 13 01 39 38.000 1 BHZ 10
TAU II 2021 03 13 01 38 33.000 2021 03 13 01 39 38.000 1 BH1 00
TAU II 2021 03 13 01 38 33.000 2021 03 13 01 39 38.000 1 BH2 00
TAU II 2021 03 13 01 38 33.000 2021 03 13 01 39 38.000 1 BHZ 00
TAU II 2021 03 13 01 38 33.000 2021 03 13 01 39 38.000 1 BH1 10
TAU II 2021 03 13 01 38 33.000 2021 03 13 01 39 38.000 1 BH2 10
TAU II 2021 03 13 01 38 33.000 2021 03 13 01 39 38.000 1 BHZ 10
TLY II 2021 03 13 01 38 33.000 2021 03 13 01 39 38.000 1 BH1 00
TLY II 2021 03 13 01 38 33.000 2021 03 13 01 39 38.000 1 BH2 00
TLY II 2021 03 13 01 38 33.000 2021 03 13 01 39 38.000 1 BHZ 00
UOSS II 2021 03 13 01 38 33.000 2021 03 13 01 39 38.000 1 BH1 00
UOSS II 2021 03 13 01 38 33.000 2021 03 13 01 39 38.000 1 BH2 00
UOSS II 2021 03 13 01 38 33.000 2021 03 13 01 39 38.000 1 BHZ 00
UOSS II 2021 03 13 01 38 33.000 2021 03 13 01 39 38.000 1 BH1 10
UOSS II 2021 03 13 01 38 33.000 2021 03 13 01 39 38.000 1 BH2 10
UOSS II 2021 03 13 01 38 33.000 2021 03 13 01 39 38.000 1 BHZ 10
WRAB II 2021 03 13 01 38 33.000 2021 03 13 01 39 38.000 1 BH1 00
WRAB II 2021 03 13 01 38 33.000 2021 03 13 01 39 38.000 1 BH2 00
WRAB II 2021 03 13 01 38 33.000 2021 03 13 01 39 38.000 1 BHZ 00
WRAB II 2021 03 13 01 38 33.000 2021 03 13 01 39 38.000 1 BH1 10
WRAB II 2021 03 13 01 38 33.000 2021 03 13 01 39 38.000 1 BH2 10
WRAB II 2021 03 13 01 38 33.000 2021 03 13 01 39 38.000 1 BHZ 10
XBFO II 2021 03 13 01 38 33.000 2021 03 13 01 39 38.000 1 BHE 50
XBFO II 2021 03 13 01 38 33.000 2021 03 13 01 39 38.000 1 BHN 50
XBFO II 2021 03 13 01 38 33.000 2021 03 13 01 39 38.000 1 BHZ 50
XBFO II 2021 03 13 01 38 33.000 2021 03 13 01 39 38.000 1 BHE 55
XBFO II 2021 03 13 01 38 33.000 2021 03 13 01 39 38.000 1 BHN 55
XBFO II 2021 03 13 01 38 33.000 2021 03 13 01 39 38.000 1 BHZ 55
XBFO II 2021 03 13 01 38 33.000 2021 03 13 01 39 38.000 1 BHE 60
XBFO II 2021 03 13 01 38 33.000 2021 03 13 01 39 38.000 1 BHN 60
XBFO II 2021 03 13 01 38 33.000 2021 03 13 01 39 38.000 1 BHZ 60
XBFO II 2021 03 13 01 38 33.000 2021 03 13 01 39 38.000 1 BHZ 65
XPFO II 2021 03 13 01 38 33.000 2021 03 13 01 39 38.000 1 BH1 00
XPFO II 2021 03 13 01 38 33.000 2021 03 13 01 39 38.000 1 BH2 00
XPFO II 2021 03 13 01 38 33.000 2021 03 13 01 39 38.000 1 BHZ 00
XPFO II 2021 03 13 01 38 33.000 2021 03 13 01 39 38.000 1 BH1 10
XPFO II 2021 03 13 01 38 33.000 2021 03 13 01 39 38.000 1 BH2 10
XPFO II 2021 03 13 01 38 33.000 2021 03 13 01 39 38.000 1 BHZ 10
XPFO II 2021 03 13 01 38 33.000 2021 03 13 01 39 38.000 1 BH1 20
XPFO II 2021 03 13 01 38 33.000 2021 03 13 01 39 38.000 1 BH2 20
XPFO II 2021 03 13 01 38 33.000 2021 03 13 01 39 38.000 1 BHZ 20
XPFO II 2021 03 13 01 38 33.000 2021 03 13 01 39 38.000 1 BH1 30
XPFO II 2021 03 13 01 38 33.000 2021 03 13 01 39 38.000 1 BH2 30
XPFO II 2021 03 13 01 38 33.000 2021 03 13 01 39 38.000 1 BHZ 30
XPFO II 2021 03 13 01 38 33.000 2021 03 13 01 39 38.000 1 BH1 40
XPFO II 2021 03 13 01 38 33.000 2021 03 13 01 39 38.000 1 BH2 40
XPFO II 2021 03 13 01 38 33.000 2021 03 13 01 39 38.000 1 BHZ 40
XPFO II 2021 03 13 01 38 33.000 2021 03 13 01 39 38.000 1 BH1 50
XPFO II 2021 03 13 01 38 33.000 2021 03 13 01 39 38.000 1 BH2 50
XPFO II 2021 03 13 01 38 33.000 2021 03 13 01 39 38.000 1 BHZ 50
XPFO II 2021 03 13 01 38 33.000 2021 03 13 01 39 38.000 1 BH1 60
XPFO II 2021 03 13 01 38 33.000 2021 03 13 01 39 38.000 1 BH2 60
XPFO II 2021 03 13 01 38 33.000 2021 03 13 01 39 38.000 1 BHZ 60
XPFO II 2021 03 13 01 38 33.000 2021 03 13 01 39 38.000 1 BH1 70
XPFO II 2021 03 13 01 38 33.000 2021 03 13 01 39 38.000 1 BH2 70
XPFO II 2021 03 13 01 38 33.000 2021 03 13 01 39 38.000 1 BHZ 70
XPFO II 2021 03 13 01 38 33.000 2021 03 13 01 39 38.000 1 BH1 80
XPFO II 2021 03 13 01 38 33.000 2021 03 13 01 39 38.000 1 BH2 80
XPFO II 2021 03 13 01 38 33.000 2021 03 13 01 39 38.000 1 BHZ 80
