120.07 -7.37 623 -1.56 1.06 0.50 -0.41 -0.13 0.64 26 X Y 012376A        
168.97 -12.92 649 -1.77 -5.23 6.99 4.72 1.78 1.01 23 X Y 031777A        
112.90 -6.08 630 -1.68 1.92 -0.24 -3.10 -0.34 0.20 24 X Y 060877C        
179.41 -21.52 680 9.92 -8.28 -1.64 -4.49 2.66 -7.09 23 X Y 030978A        
122.96 -4.09 613 0.05 -0.37 0.32 0.34 -1.04 0.13 25 X Y 051379B        
131.74 41.97 604 6.19 -1.14 -5.05 -0.72 -9.03 -4.24 25 X Y 081679A        
179.93 -21.75 652 4.98 -0.40 -4.58 1.94 -9.17 -5.79 23 X Y 022280B        
178.14 -26.97 637 0.54 2.32 -2.86 -1.32 0.62 0.54 24 X Y 022780A        
178.66 -22.36 636 -5.92 8.16 -2.24 -0.68 -4.14 2.69 24 X Y 112480A        
116.82 -7.19 610 -0.88 1.06 -0.19 0.42 -0.09 -0.16 24 X Y 033081B        
124.17 9.87 636 -8.06 -1.91 9.96 -4.24 -0.75 1.48 25 X Y 090481A        
169.00 -12.70 650 -6.57 -0.52 7.09 0.89 -1.59 3.38 23 X Y 103181A        
112.26 -6.27 650 -1.46 1.28 0.18 -0.23 0.28 -0.77 25 X Y 110881A        
111.67 -6.10 625 -0.95 1.56 -0.60 1.85 -0.69 -0.04 24 X Y 012782A        
117.03 -7.24 612 -0.92 0.60 0.32 1.45 -0.31 -0.52 24 X Y 080582A        
147.01 50.22 628 9.15 0.43 -9.58 1.40 -9.35 1.65 24 X Y 112782B        
145.07 19.64 609 -2.14 1.57 0.56 0.77 -1.19 -0.63 24 X Y 122782A        
110.61 -6.29 656 -0.95 0.00 0.95 0.72 -1.98 -7.26 23 X Y 080983B        
122.70 2.91 624 -2.80 9.64 -6.84 3.70 1.21 3.53 23 X Y 012684D        
123.86 8.26 644 -9.80 3.44 6.36 -4.35 -1.88 1.00 26 X Y 030584A        
125.03 -5.67 606 -7.48 4.15 3.33 -0.95 1.27 4.36 24 X Y 040184A        
122.88 -6.00 656 0.14 -1.07 0.93 -0.07 0.40 0.04 24 X Y 080184A        
179.02 -22.64 622 -1.05 1.03 0.02 0.38 0.22 -0.83 24 X Y 080384C        
117.80 -6.69 642 -2.32 3.93 -1.61 0.55 2.58 0.28 24 X Y 091684C        
168.91 -13.07 637 -3.34 3.38 -0.04 -3.60 1.65 -1.35 23 X Y 021385A        
177.76 -25.33 649 -1.01 0.58 0.43 -1.16 0.03 -0.47 24 X Y 021985C        
106.97 -4.22 641 -1.13 0.10 1.03 -0.51 -0.49 -1.09 24 X Y 030885A        
113.46 -6.20 603 -2.28 2.50 -0.22 0.65 0.04 -0.01 25 X Y 080885A        
178.16 -26.44 635 9.41 -7.35 -2.06 -1.54 -7.60 -9.04 23 X Y 030586A        
120.74 -7.57 628 -1.17 -0.27 1.44 0.43 -0.97 0.21 24 X Y 032186A        
124.35 -7.08 605 -1.27 0.80 0.47 -0.35 0.34 -0.20 25 X Y 052786A        
169.80 -12.88 671 -6.70 2.00 4.70 3.40 3.11 2.40 23 X Y 090786A        
173.08 -13.87 635 0.05 1.47 -1.52 -0.49 1.71 -1.38 24 X Y 092486A        
179.23 -23.02 618 -0.14 -0.07 0.21 -0.95 -0.43 -1.01 24 X Y 122286C        
178.15 -24.80 631 -8.37 0.62 7.75 -2.73 -5.83 0.68 23 X Y 050387A        
177.84 -25.52 655 -2.18 1.74 0.44 -3.01 -0.70 -0.36 24 X Y 070787C        
168.86 -12.66 628 2.16 -5.97 3.80 4.81 5.56 2.29 23 X Y 080687A        
123.00 -7.50 623 -0.42 1.27 -0.85 -1.54 1.31 0.04 24 X Y 091087A        
123.74 -7.47 609 -2.87 4.72 -1.85 -1.57 4.98 -0.29 23 X Y 112187A        
152.99 54.62 649 0.10 0.05 -0.15 0.09 -1.50 -0.03 25 X Y 081488A        
120.63 -6.92 616 -4.87 3.64 1.23 0.17 0.16 2.08 24 X Y 102788C        
123.31 -6.37 616 -1.10 1.75 -0.66 -0.38 -0.36 0.09 24 X Y 120588A        
122.32 -7.47 638 -1.94 5.26 -3.31 -1.52 3.72 0.21 24 X Y 072589A        
178.93 -22.29 621 -6.33 5.33 1.00 2.53 0.18 -8.43 24 X Y 080389F        
122.25 4.30 616 0.11 -0.14 0.03 0.33 -4.39 0.30 24 X Y 031490B        
141.38 48.94 612 -3.57 -0.87 4.43 -6.12 -2.66 2.47 26 X Y 051290A        
177.63 -25.40 629 0.44 4.02 -4.46 -0.67 -4.72 -5.95 24 X Y 051790D        
145.41 19.16 628 -3.00 0.34 2.66 -2.99 -0.46 -1.10 23 X Y 081391D        
179.62 -22.08 618 -1.29 -3.23 4.52 -5.60 -2.06 -0.96 24 X Y 082891C        
124.44 -7.19 607 -6.98 1.25 5.73 -0.67 0.75 3.18 23 X Y 032692A        
122.16 3.26 622 2.70 -0.35 -2.35 -0.35 -4.08 1.92 24 X Y 071292G        
112.21 -6.11 636 -0.99 1.02 -0.03 -0.44 -0.01 -0.27 26 X Y 090292M        
179.82 -16.86 642 8.09 -6.95 -1.14 -6.79 0.49 -8.36 23 X Y 102692C        
170.87 -13.99 642 -3.43 2.42 1.01 -0.94 0.17 -1.27 24 X Y 121492D        
113.10 -6.03 622 -5.94 7.80 -1.85 -5.60 3.59 -0.70 24 X Y 122792A        
123.71 6.71 615 -1.21 2.16 -0.95 -5.69 -7.08 0.06 23 X Y 021393F        
179.35 -22.36 610 -3.12 2.87 0.25 -1.57 -1.07 -2.14 24 X Y 033193B        
179.97 -17.51 610 -1.26 1.43 -0.16 0.81 -2.04 -0.89 25 X Y 042493B        
145.83 16.65 601 -2.12 -0.00 2.12 -0.18 0.90 1.45 24 X Y 010594A        
178.39 -26.14 625 0.06 0.28 -0.34 -3.31 -2.78 -1.35 24 X Y 021694A        
170.97 -14.33 637 1.07 -0.11 -0.96 0.53 -0.82 0.35 24 X Y 031294A        
124.31 -6.97 604 -1.93 0.05 1.88 -0.55 -0.31 0.59 25 X Y 083094E        
110.28 -5.75 653 -8.33 5.99 2.34 -0.55 -2.57 -4.38 25 X Y 092894B        
110.48 -5.76 653 -9.22 4.71 4.51 5.65 -5.49 -2.58 24 X Y 092894C        
170.71 -13.34 646 -1.85 1.54 0.31 -0.26 -0.23 -1.11 25 X Y 041395A        
123.46 -7.06 670 -4.72 6.58 -1.86 0.38 2.85 -0.80 23 X Y 053095C        
145.42 18.56 603 -7.91 1.07 6.85 -4.96 1.00 -1.14 23 X Y 081895F        
145.24 18.86 617 -1.38 0.39 0.99 -2.42 -0.95 -4.50 24 X Y 082495B        
145.33 18.79 612 -0.70 0.30 0.40 -0.72 -0.60 -1.25 25 X Y 082495C        
145.35 18.85 610 -0.90 0.40 0.50 -0.70 -0.77 -1.69 25 X Y 082495D        
145.28 18.64 617 -3.81 0.90 2.91 -6.98 -1.81 -8.69 23 X Y 082595B        
123.79 -6.88 643 -1.90 2.38 -0.47 -1.01 1.54 -0.35 24 X Y 102595B        
145.40 18.79 623 -1.01 0.53 0.48 -0.55 -0.41 -1.33 24 X Y 111495E        
179.17 -22.03 629 0.34 1.33 -1.67 -0.04 -1.64 -0.82 24 X Y 042596B        
112.26 -6.12 627 -1.63 1.48 0.16 0.39 -0.37 -0.17 24 X Y 051996B        
122.83 -7.62 614 -0.78 0.65 0.13 1.25 -0.20 0.54 24 X Y 070496B        
123.52 -7.14 615 -9.27 2.74 6.54 -1.87 1.70 3.45 24 X Y 082296B        
152.58 52.91 635 -1.92 -0.18 2.10 -0.87 -2.02 0.34 24 X Y 100896C        
170.37 -13.98 628 -1.65 2.34 -0.69 -0.16 -0.81 0.02 24 X Y 120296C        
112.96 -6.03 613 -5.25 4.12 1.14 -0.28 0.10 0.23 23 X Y 121296C        
108.42 -5.13 647 -1.77 0.84 0.92 -0.61 -0.65 -0.42 24 X Y 011997A        
178.34 -25.43 605 -0.16 -0.84 1.01 -0.77 -3.57 -0.48 24 X Y 082697H        
178.52 -26.45 621 -0.93 0.57 0.36 -0.84 -1.74 0.16 26 X Y 090497A        
178.41 -29.01 613 -1.25 -0.59 1.84 -0.58 -2.57 -1.68 24 X Y 100897B        
152.71 53.40 623 -7.91 8.22 -0.30 -0.20 -2.73 -1.09 24 X Y 122097C        
179.29 -22.53 617 -1.42 0.96 0.47 -0.99 -0.17 -3.19 25 X Y 012798D        
179.29 -22.39 629 -4.56 4.48 0.08 1.23 -0.29 -3.02 25 X Y 012798E        
149.68 51.45 690 -1.12 0.88 0.24 -0.72 1.08 -0.30 24 X Y 020998A        
123.86 8.29 629 -8.01 4.78 3.23 -5.33 -7.47 5.28 24 X Y 052398F        
169.38 -12.82 637 -1.30 -0.67 1.97 -6.53 1.79 7.37 23 X Y 090298E        
117.36 -6.86 632 -2.15 1.93 0.22 0.60 -0.75 0.60 24 X Y 032499A        
178.28 -26.37 636 0.37 -1.21 0.84 -0.66 -1.12 -1.26 25 X Y 040999B        
179.85 -22.05 611 -1.78 1.88 -0.10 -1.80 -1.21 -1.45 24 X Y 121099B        
178.38 -25.45 615 -2.32 -0.52 2.84 -0.75 -3.81 -2.53 25 X Y 061400C        
123.53 -6.95 648 -4.48 4.96 -0.48 -3.52 1.04 0.67 25 X Y 080700E        
120.87 -7.13 603 -0.99 0.47 0.51 -0.23 0.09 1.13 24 X Y 040301E        
179.39 -22.47 604 1.28 -2.98 1.70 0.02 1.22 -1.12 24 X Y 081501A        
178.34 -26.48 623 -4.86 -3.82 8.68 0.09 0.06 2.15 24 X Y 092601C        
178.84 -17.63 681 0.07 2.00 -2.07 -0.26 -0.08 -0.10 25 X Y 010202E        
178.26 -26.21 635 0.16 -0.23 0.08 -0.49 -1.84 -0.42 24 X Y 010402D        
178.74 -17.78 670 -0.00 1.48 -1.48 0.27 -0.25 1.52 24 X Y 010502B        
145.08 19.03 609 -8.25 1.02 7.23 -0.97 0.08 -2.01 24 X Y 010702C        
169.76 -12.57 662 -3.19 0.26 2.93 -0.62 1.72 1.65 24 X Y 013102D        
178.42 -26.24 650 -3.07 8.98 -5.91 -2.09 -6.63 -3.87 23 X Y 063002E        
179.43 -22.13 632 -2.24 1.58 0.66 -0.40 -3.23 -3.14 25 X Y 063002F        
178.49 -24.16 699 0.58 -0.25 -0.33 -3.55 -2.32 0.04 27 X Y 081902C        
179.16 -22.82 630 1.50 2.07 -3.57 -5.91 -3.89 -3.13 24 X Y 090802E        
142.28 49.06 604 0.26 2.05 -2.31 -1.26 -1.20 0.22 24 X Y 110502C        
178.36 -26.40 634 -1.58 -0.02 1.60 0.23 -0.01 0.62 24 X Y 111602D        
172.32 -14.06 628 0.12 0.46 -0.57 -0.43 0.57 -1.15 24 X Y 030503B        
179.81 -17.87 620 -0.30 0.52 -0.22 0.33 -0.86 0.01 24 X Y 040603B        
122.67 4.69 605 -0.10 -0.00 0.11 -0.08 -1.07 0.16 25 X Y 070103B        
113.15 -6.10 601 -6.63 6.51 0.13 2.85 0.88 -1.15 24 X Y 060604A        
104.38 -2.68 600 -0.80 0.46 0.34 -0.18 -0.45 -0.57 27 X Y 072504B        
123.74 -6.07 664 -5.24 4.27 0.97 1.67 2.68 2.97 23 X Y 200503011521A  
123.24 -6.79 672 -0.89 0.73 0.16 -0.85 0.35 0.37 24 X Y 200508021133A  
147.79 50.04 639 1.72 0.15 -1.87 0.40 -1.75 0.26 24 X Y 200511231933A  
112.80 -6.16 607 -4.78 6.50 -1.71 4.58 1.10 -1.88 23 X Y 200601202026A  
178.25 -26.10 638 -0.27 0.74 -0.47 -0.97 -1.19 -0.19 24 X Y 200602051229A  
178.19 -25.98 623 -0.30 1.29 -1.00 -1.34 -1.01 -0.52 24 X Y 200804101307A  
148.99 -4.81 607 0.53 -1.25 0.71 -1.16 -1.07 -0.06 24 X Y 200806200316A  
153.37 54.12 611 -3.26 -0.77 4.03 -2.18 -1.00 -0.85 27 X Y 200807050212A  
179.24 -22.82 635 0.71 -0.26 -0.46 -1.23 -1.58 -0.47 24 X Y 200908082153A  
123.46 -7.09 634 -1.70 1.96 -0.26 -0.89 1.58 -0.90 26 X Y 200908280151A  
123.56 6.77 626 0.08 -0.01 -0.07 -0.72 -0.79 -0.15 26 X Y 200910041058A  
124.25 -6.82 636 -1.38 1.55 -0.17 -0.61 0.56 0.22 24 X Y 200910192218A  
178.53 -17.11 604 0.54 0.16 -0.70 0.51 0.22 -0.56 27 X Y 200911091044A  
152.77 53.44 656 -1.78 -1.07 2.85 -1.34 -1.51 -0.61 25 X Y 200912100230A  
169.32 -12.80 665 -4.10 -1.26 5.36 4.66 2.69 0.50 23 X Y 201006101336A  
123.45 6.73 615 0.03 0.10 -0.13 -0.59 -1.18 0.01 24 X Y 201007121653A  
123.48 6.83 641 -1.38 1.04 0.33 -0.51 -1.50 0.03 27 X Y 201007232315A  
123.56 6.86 608 -0.37 0.29 0.08 -0.31 -0.88 -0.25 24 X Y 201007250818A  
123.27 6.76 635 -0.86 0.60 0.26 -0.65 0.87 -0.93 24 X Y 201007262306A  
123.41 6.69 614 -0.21 0.23 -0.02 -0.56 -0.83 0.12 26 X Y 201007290731A  
113.20 -6.13 605 -1.04 0.98 0.05 -0.61 0.65 0.04 24 X Y 201008090334A  
123.73 7.10 609 -3.73 2.87 0.86 -1.18 -7.85 2.17 23 X Y 201008242048A  
123.68 6.91 606 -1.41 5.77 -4.37 1.00 -4.11 2.99 23 X Y 201010050826A  
123.32 -6.88 640 -0.83 0.79 0.04 -0.51 0.26 0.06 24 X Y 201105190633A  
123.46 7.46 609 -1.03 -0.16 1.19 -0.03 -0.34 -0.04 24 X Y 201110010421A  
116.99 -6.98 629 -4.16 5.21 -1.05 1.81 -1.72 4.52 24 X Y 201111280913A  
123.32 -6.85 653 -1.05 0.95 0.11 -1.49 0.32 0.05 24 X Y 201201112221A  
178.32 -25.58 626 0.05 0.73 -0.78 -0.23 -0.21 -0.88 24 X Y 201209250537A  
173.70 -14.61 611 -0.02 0.95 -0.94 0.02 -0.46 0.45 24 X Y 201211141822A  
178.34 -26.22 642 -0.17 0.78 -0.61 -0.57 -0.79 -1.11 24 X Y 201301061628A  
145.35 18.67 605 -1.04 -0.58 1.62 -1.28 0.08 -0.97 26 X Y 201305140032A  
153.77 54.61 611 -1.67 0.38 1.28 -0.78 -3.57 0.16 28 X Y 201305240544A  
151.48 52.36 642 -1.27 0.54 0.73 -0.24 -0.95 0.52 26 X Y 201305241456A  
169.61 -13.32 613 0.14 0.33 -0.47 -0.35 0.84 -0.03 24 X Y 201307091544A  
169.80 -14.64 661 -0.31 1.80 -1.49 -2.64 3.33 -0.69 25 X Y 201403050956A  
178.25 -25.80 654 -2.72 4.50 -1.78 -1.52 -1.99 0.31 25 X Y 201405040925A  
123.17 6.31 632 0.48 0.74 -1.22 -1.97 -8.60 2.90 25 X Y 201412020511A  
178.37 -25.73 607 0.18 -0.58 0.40 0.64 -1.30 -1.76 24 X Y 201412310247A  
178.17 -25.59 619 -2.15 1.23 0.92 -1.93 0.07 -1.22 24 X Y 201505061208A  
179.23 -22.37 616 -0.49 1.06 -0.57 -1.28 -0.22 -0.15 24 X Y 201505131048A  
140.56 27.94 681 -3.86 -0.66 4.52 -2.87 5.61 1.10 27 X Y 201505301123A  
123.94 8.34 620 -4.37 -1.02 5.39 -5.59 2.10 -0.53 23 X Y 201508021308A  
179.89 -17.70 630 1.02 -0.23 -0.80 0.04 -4.51 -0.25 24 X Y 201511261351A  
108.07 -4.95 623 -0.89 0.40 0.50 -0.42 -0.48 -0.38 26 X Y 201610190026A  
122.78 4.57 622 -0.07 0.14 -0.07 0.07 -0.97 0.27 27 X Y 201701100613A  
170.08 -13.95 619 -2.17 1.38 0.79 1.27 -0.57 1.99 24 X Y 201704190501A  
123.62 -6.27 644 -0.87 0.91 -0.04 0.33 1.31 1.21 24 X Y 201804230737A  
123.13 -7.03 643 -0.94 1.34 -0.41 0.04 0.79 -0.35 24 X Y 201806041824A  
108.35 -4.74 663 -1.21 0.41 0.80 -0.04 -0.91 -0.60 24 X Y 201806222057A  
179.86 -18.24 687 0.35 0.52 -0.88 -0.10 -0.35 0.30 28 X Y 201809061549A  
173.04 -14.91 634 -0.76 0.57 0.18 -0.70 0.17 -0.14 24 X Y 201810092027A  
168.39 -12.80 627 -1.82 0.23 1.59 -1.69 -0.17 -0.82 24 X Y 201812051605A  
178.24 -25.52 611 -1.12 0.33 0.78 -0.91 -1.36 -2.43 24 X Y 201906180514A  
178.31 -25.43 621 -1.72 -0.57 2.28 -1.50 -0.97 -1.61 24 X Y 201909111751A  
111.83 -6.07 623 -2.06 1.85 0.20 0.05 -0.29 -0.46 25 X Y 201909190706A  
111.82 -6.15 612 -0.74 0.95 -0.21 0.11 -0.60 -0.41 25 X Y 201909190732B  
145.01 18.99 605 -0.33 0.18 0.14 -0.84 -0.03 -0.66 24 X Y 201911201851A  
178.36 -26.62 623 -1.82 0.03 1.79 0.57 0.21 1.26 24 X Y 201911301952A  
178.30 -26.18 635 -2.78 3.22 -0.44 -1.64 0.17 -0.13 24 X Y 201912190449A  
116.77 -6.99 655 -2.51 2.43 0.08 -3.67 -3.87 1.01 24 X Y 202006031554A  
116.09 6.75 615 -0.04 -0.73 0.77 -0.09 -0.26 -0.10 24 X Y 202006300158A  
120.47 -7.18 603 -2.71 0.28 2.43 4.02 2.66 1.81 24 X Y 202007142333A  
178.15 -26.50 626 -0.31 1.12 -0.80 -0.52 -0.58 0.61 24 X Y 202007150351A  
123.52 -6.64 637 -3.03 2.24 0.78 -0.16 0.79 0.47 26 X Y 202008210409A  
